# This file may be used to create an environment using:
# $ conda create --name <env> --file <this file>
# platform: win-64
blinker=1.6=pypi_0
bzip2=1.0.8=h8ffe710_4
ca-certificates=2022.12.7=h5b45459_0
cffi=1.15.1=py39h68f70e3_3
click=8.1.3=win_pyhd8ed1ab_2
colorama=0.4.6=pyhd8ed1ab_0
cryptography=40.0.1=py39hb6bd5e6_0
dnspython=2.3.0=pyhd8ed1ab_0
flask=2.2.3=pyhd8ed1ab_0
idna=3.4=pyhd8ed1ab_0
importlib-metadata=6.1.0=pyha770c72_0
itsdangerous=2.1.2=pyhd8ed1ab_0
jinja2=3.1.2=pyhd8ed1ab_1
libffi=3.4.2=h8ffe710_5
libsqlite=3.40.0=hcfcfb64_0
libzlib=1.2.13=hcfcfb64_4
markupsafe=2.1.2=py39ha55989b_0
openssl=3.1.0=hcfcfb64_0
pip=23.0.1=pyhd8ed1ab_0
pycparser=2.21=pyhd8ed1ab_0
pymongo=4.3.3=py39h99910a6_0
python=3.9.16=h4de0772_0_cpython
python-dotenv=1.0.0=pyhd8ed1ab_0
python_abi=3.9=3_cp39
setuptools=67.6.1=pyhd8ed1ab_0
tk=8.6.12=h8ffe710_0
typing-extensions=4.5.0=pypi_0
tzdata=2023c=h71feb2d_0
ucrt=10.0.22621.0=h57928b3_0
vc=14.3=hb6edc58_10
vs2015_runtime=14.34.31931=h4c5c07a_10
werkzeug=2.2.3=pyhd8ed1ab_0
wheel=0.40.0=pyhd8ed1ab_0
xz=5.2.6=h8d14728_0
zipp=3.15.0=pyhd8ed1ab_0
